3360176444
2147777556
648780219
4253650055
1145019847
1015138496
202718859
4215650455
2817331147
2424804612
1687559244
236234484
3804564891
3811447920
2057739909
2905923495
818382119
3258858061
208455122
3050408136
4073341583
2555915774
2532295522
3332601357
3732897336
530870372
3443712153
1025736525
3957765528
750588257
46360507
3341004730
1292126547
2542465081
748855326
2532069290
665015772
2986223269
2145022018
2094989298
3155366175
921728390
3270817753
2608546848
4067353172
3918337668
2935090864
3988380609
746503728
3215406878
2134606696
684889070
3949682634
3162505809
1194095696
2946821062
3805460633
1702179335
1930757792
713334037
3208957540
3425729560
3158627829
154778674
1210628802
2906894426
1079954396
3383829558
512369552
1751756229
606588701
1416413993
489762042
2865547501
3299400634
1880832675
1435717549
51715462
3151207303
4234722248
1008920238
270894496
2496912942
2902267445
3206293914
3810751317
2894834557
3200995990
2020545822
568668654
3732931893
3028296886
2058771821
707736527
3389418677
4164640247
2482584817
3295953259
2213480998
2609083806
806242823
418875578
3321698471
3805517978
3862454543
3322898944
1205273364
2086761356
2396445994
2656796977
3650528021
774177609
297765247
3901735858
2293614274
947109957
2153099950
4016329680
3919129512
3367608471
3138442151
1268441234
1241422505
1828121461
1311165407
1985326631
376268829
640630613
1122999602
4025258178
1429470970
728964765
3923990751
2678374541
844210639
1985852740
2557091976
3151928900
3724179020
2366239983
2065150629
3308959436
2627719614
2517645803
790451799
1836825879
429486926
954082089
2751546026
2930998076
1197725135
1992807229
946438064
1973344128
3904202093
3751258609
2532517905
1457297042
1501235484
1555141698
2958843464
3163744497
2709890007
3525128965
3846948481
1123599263
2324737373
580689515
2289110017
4024859498
1704997321
4077668749
767915614
2930304663
4052385893
1463013608
3509089845
3208146649
3372259582
3695815049
16163044
3621334536
1144978110
4181429461
4236878699
1867400125
1389794753
2864878583
3503736835
3382812924
1789045380
1942899118
3284224309
2556108325
3728521459
3058971242
3944857569
3429884034
2165446488
2623103687
2507963358
1880103865
2639091794
641207610
3201205528
1545449316
1548066519
298651964
2139931782
3093734380
575080589
1690220718
4084886424
4093103508
1956295778
3596550543
937484764
45015226
3048457999
2583648668
598872934
3794865972
3301439579
4149913781
31242132
2370281717
1099057023
4268588183
1712742651
733907253
3585790986
303169924
1855433628
1670841868
869601501
2085491527
2037570944
2841459018
167057067
3474416154
4265740717
3266308772
2411730581
1686850790
4010651738
968306651
4029963555
2756957067
1323706987
452129119
3043172451
713375141
1890041849
3656939711
313457765
952788477
1392957514
2842598464
700132078
1845053701
2927309290
953056293
944263302
876017048
1711003443
2375503312
3216954798
330616607
4241971647
385687844
2615209362
1004544602
119864849
2359956876
924838033
317433900
2925759149
3428639086
4192858279
1469376168
2239835908
3860960093
1306195098
1252072184
3326604454
2257673777
1936719678
4289593469
2799188751
2470400324
3177486826
883009692
4176458899
2026038014
2015204011
1019435898
1440610175
1191924184
3039650705
4247538625
2613850216
4149822198
2589572457
1359547078
3385860113
1550660446
1239343643
2015037786
94653810
1906490719
2321012052
791188575
1458871663
3650464443
2593926056
3724466025
1699487501
3670043041
1764847660
557887543
2736349855
2893059341
4266482831
44708682
2614384552
607440617
2926945234
588367289
484912901
1282626100
1882785314
1070168776
617492725
3344294659
685894228
527774614
1907804569
1124380433
1834116388
2786750182
708532507
855483699
3451644869
3146756299
821360794
2791017559
3141114174
3402207
3962824426
4085250005
2581396876
2703586184
3775956354
3118180095
535017655
3389023654
1395193700
4051346156
4179486712
762505358
4261267254
3139228884
3625258235
3495678533
16900988
4055466567
1901744916
2918941811
1070813694
4159722553
604089593
2642411892
3021079418
2533756855
1509596404
3822794721
3113908838
960357032
1206838359
3310268761
4292473675
2964149420
2370260683
3528294223
3182995287
297260460
280668351
380009984
1405511467
1527142127
2052610974
792474267
64554702
856977762
1701286652
2860882624
363861218
39046423
3677809391
1027414136
4078624973
2446116380
3809416057
2511922225
3301875922
1544959373
2736791023
3199937803
229725905
2081219322
158413304
1327230655
463580730
3744424037
681918890
1763533651
1471170818
1617834990
284582217
3398945596
687709529
1683035832
3119404733
3572680978
4107425218
2795320134
1720529347
4194883791
2594537526
1295833918
3140258809
2369309397
3183868176
1532049878
2467313771
2415521732
1200706885
913726128
702477326
2784112491
1589478848
958038352
2849010244
178200742
3126405480
1619488074
2262774302
2795405528
618710369
2010522056
3101185907
2761797174
290540373
1614689726
3635231299
2871648166
2348421256
3415692778
1826909933
896497403
1615512186
3026514510
3844376428
2983010353
74870949
1290301960
3804912578
838935369
2099000432
3926091068
2666552689
1385456344
216203052
1323086276
2452006185
3924148692
3703399674
2233662556
1311786225
1961839561
1138507577
4223741614
3099230789
3437685370
571665437
1865988439
897365069
534547473
4046082455
2175555359
1581694263
930477442
3802304659
3524638967
67700432
2302546389
878735655
4468599
2186605217
1781754135
2732614140
4245040548
2111035394
602587649
2834471145
2836928285
2921856805
99032862
58257377
1451075767
1438578498
2397643214
2269869875
255082706
2398431022
1622529643
804175300
3531397369
3654529285
3865704634
2959722057
2965485058
2326027491
1528334810
3558367411
581422406
138125819
3431282274
2539262319
95312657
1129401179
1088993768
1002850666
4225802160
1019830201
1955188457
2898335037
4224825268
1032788594
2676769534
1731175621
1472616085
1460928928
3625926216
1100947041
467927524
862238353
126261215
990771810
734436748
3245051960
222988972
1896104614
1033318547
3988742451
314777374
1287042361
2879650661
3079244407
104699531
2165652616
3839952263
2592527164
3909015636
69152155
515524754
2721883732
2003585261
936758205
444105878
306743936
121583585
1248710227
3551844476
162421064
1726150669
1806637890
2958730634
2630125943
3136207904
1094764381
2273923356
989347346
4272382547
2814289555
1180379441
3842806252
2791439403
2627710529
3939851277
2965583190
2491010154
2450398555
2685186720
3183590241
4201005762
2547342828
1032932152
852768338
754211239
3297809182
4102702389
1123711419
1789827492
2579362973
2406181784
411530355
3653270062
2737016800
1333387634
1731029274
2271948408
2584931432
3438285438
1239038137
550217708
104728851
2461944491
668227753
936317167
778676019
933314320
3441242527
2388902172
2126294601
2465630548
2052690516
471838396
2028158931
3351612195
3882321159
443113108
2764450744
701172407
3504444331
2581439680
3122785465
1937135107
3559648217
31926339
3043281161
2000325546
3713096098
3771511904
1975377242
2602469000
3940272570
162594610
1631999865
1795093536
3560595783
3813927913
1232616462
1867054804
396232297
3554278012
1422171104
1009241322
2189634557
3424958467
936667858
283904766
1670992651
2242277703
595552276
4123567214
3097684739
1687604077
1251563775
1355244890
2086377209
2624870853
1763808806
2086926497
1961115681
3284831357
3536058180
3690549989
1510361992
2908188998
1664230131
3595975943
3650445279
2133467576
1128742725
1723446495
3499993137
1933158266
3035252775
817183360
412470807
535676436
2188469507
494975666
33907515
94541027
1850743594
1643172281
3617563238
514933129
523247878
704572488
2388378511
3460676989
4157600208
839813323
2917136148
468231995
3312897399
1615551724
3155654814
3545028528
1457280920
1312034544
4080565869
3264615255
3537967157
3656454331
2632681760
1501379153
2292154690
1136873761
3399220738
1973685414
6310090
2560922667
3667504797
3157275470
3741825847
1099496458
830290546
3460549667
13792815
1628912233
1733988136
2364913428
84611553
4195393501
1869836612
3650047360
693211812
314121979
1777966408
3758245849
1697454523
703732791
1174369891
3013601499
3535744663
1123453490
3920283579
2039221650
3879220988
3140681853
3834510711
2205815463
3628497586
693963389
199736254
3005126713
3008575714
3154769727
3639858684
2466166348
370013232
933933235
636722615
3068482393
2352913248
1747822238
784653248
2410970472
1032823627
1831909828
1567724207
3005749180
1074193482
2081209242
143319401
4155123571
1197040135
3541413412
658086367
303726371
419326585
2945555552
1217994136
1585168169
2599537997
1874156342
2400235501
3744800253
1616368602
3715874583
1638560808
2881108207
1526809567
1850052483
807084093
1594832198
2687926216
1256715464
935455556
3424587882
2831536099
1542279237
2741914664
3058143464
633710796
4061498738
2004256571
1750589788
2017893105
2993726606
3607304523
1066153156
2707553199
2862699920
1043527077
2850309625
122663919
419659347
741464421
3038207559
2620557218
1114548259
2346792542
3554782229
3307830559
3881921093
1454894462
2143782748
3005664813
1816109951
2184248459
4294213133
3071217015
2605104533
4146507168
1689085797
1577806933
927317445
3425122795
1860578528
537013285
3977615115
2293818469
2594661013
2248651912
141286334
489192381
4126895480
3489950213
1209893157
239926401
3404505818
2862920554
3476918048
2658665557
3538289712
167914720
1886324639
1762466381
3781633058
1820412470
4232156944
178714636
1370882036
1001861869
3070609202
2577383440
2729785118
1650367940
3509652203
3916731406
217710291
4111023966
692540097
1242064463
2167874868
4060752688
3392956472
3579234667
3806546168
2817910255
1430582554
1037533127
3355758387
593302842
4227962171
3001922764
1796712901
1765624086
3123587762
4158876414
1502320659
1353117150
2035564695
383628058
3104745969
2985688359
1971120002
2162720699
894374680
840251957
2262595482
531177272
2566387073
2761768536
785935229
3783724566
3827642414
3428656538
1097942302
746300877
646131426
937633006
802971029
1536488131
3874663277
1531495154
1853969106
3287164433
2274981448
3525846883
3145526566
375171276
1603986596
1862058095
2856706286
3331291466
950744170
3130834463
3970906524
1359355077
1632569280
76639837
1053334930
235198248
1724046796
3140566413
2065679375
2892871310
3090458589
3652210800
1396570751
201363773
887813772
3623893335
2838306211
2064049757
2126403258
1528905295
1957528011
2447943692
3162570317
2484776454
2196541016
288862810
3113380742
1395666770
1936644979
2926619379
2455273446
194115501
3929133010
684837174
3585849531
1928231647
3944078996
3345564436
485218163
450462471
487026946
2783465776
3259393491
4058783632
1306927907
2496060609
3364146173
2731310744
1246610146
4093723228
3111760986
103459369
1423260214
867545923
2692200899
1801568133
2821450492
3299159102
1397661461
3454159136
3566239278
2285475791
2232573824
983172862
3564910967
3630310738
2273049572
