3899327532
3492720945
3739660874
461065383
3262575507
672835323
4117441809
457600325
1493757927
3983167561
3555123367
1562247981
1300871380
2239228483
1974499612
4146902945
3329932381
1648093644
1275851910
3075328056
400998301
638672709
1355959702
3147737575
3450810480
3574336144
1061433099
3826694226
967477408
427956804
717244034
3051690848
3367201369
1043787950
2357064331
3734746957
320220995
3714325501
774173539
2840893742
2248449083
464646902
580006661
2922587642
1036558852
3227339127
1119765169
3028347258
111068193
1703647405
24190523
1952602118
3644942719
1354017243
3257379548
356103619
833106834
1757491217
3459868885
1299230959
3133357083
1931102004
1649833874
3321212865
1356282918
2873052555
2772812757
208702381
3787368391
114230122
2880191135
3838266022
4133254430
303048334
2194377763
413638225
1755171421
1955326919
3751533144
3523139104
2346642880
1377214518
1808342688
514488220
2133845163
2250555893
3930175670
3255803639
3054685990
1258373613
1268500479
804001654
3229216716
259567029
3618190500
1176031551
2728843355
4290396599
1556634989
292926028
663980834
938339753
965165622
2880228827
3936939714
2913073360
2873341622
2190024720
2354575599
639932009
4065685510
2475773676
3285489685
3068977662
2805718495
3328874288
2610576390
2340099664
1258197051
1676507564
375129825
2380547928
3795366794
3594026057
1078295433
3270008888
4036396974
1591065911
4012115699
3241880888
690502313
919586772
613989562
3118273689
493079387
641074203
2940966235
1790828215
622589199
2394733421
2926580395
398225475
1343822439
83208652
2153039996
3263879979
1983318524
3688727330
3068855317
630188308
1433220728
772581179
1759192529
2827874696
631107064
2495616933
933238798
1822417878
1687475728
3354575707
3338060987
1989156103
2387567301
1215635532
3410533882
1152438349
2092311084
1261309839
1335231531
2670210465
3322093252
3516135089
2028545000
2508514421
958252200
3398047109
837297397
3644904416
3271814623
3767591871
3389631185
4264020118
207560880
2384475237
2902754003
2752541931
205847876
1496116171
3159561519
1079089964
3865070344
1910046072
456995761
4139880832
1790685454
1627892745
1731041927
464998333
1284364532
3720600108
2734724239
4209901547
481124998
2957824254
960049215
531060617
3414143752
1260429400
983715545
967679001
3643087257
3298194991
1838447008
1992983742
1252542456
3790253583
3662106446
3123578177
1800774391
3767725597
3875179257
3471387167
3083700820
641978127
3473482571
2904603123
533962086
3725268833
149706457
2199050917
2672605582
4280269498
503754568
2964419861
3375645869
1513688871
642822428
178325410
2844201062
586103370
2769838083
2697550973
2268327719
1247286246
1435296649
1281195377
4120233693
1661739533
1020632058
4016504690
481420675
868493604
2079297138
1618961623
2349555321
2130097755
1996559824
1083855740
2679174328
1958856832
1797493330
2559468220
695815833
685815610
316805514
3551565525
2083576171
2602425425
1484158753
2022710247
3376031966
3436288511
2392088981
2778448630
1129368297
2033236722
2973289468
3631006435
4264316673
3998825970
1991482994
386095169
4085220785
2148424845
3918071686
2214449401
3962536192
1341889580
1962745185
1425917982
779059010
2699769909
3356457356
3151446255
1755655613
1875812539
3985649457
1652825268
4136676903
4022565435
2947982048
2023367807
311512285
480543251
3324251887
2155264834
408746618
3142823196
2700801447
182639019
3626105799
2116255030
1596547332
701015965
956690593
3200149918
980948844
4144697111
3737815615
1908230342
1597367809
3347227873
2402124592
2906736115
1086846685
430373540
2592592843
1569117928
1970803929
355428385
321886952
2244528631
463519360
2091318365
796099356
1001295473
3741877803
829434931
1427831844
893958682
1042792561
1301560925
1034460297
3772126386
2381179372
3131320234
2859690367
1741203713
380920411
1881283161
1007194256
714332586
1240566287
2856118936
2983835815
1838549428
3804875909
1132663275
1085542007
618904917
2755837457
2840463510
1149013340
515667252
3621655362
4065654
37652992
1785807746
623735081
1769229837
2335968834
1824218246
2807176873
830493871
747594875
4022760780
822952934
3855741530
3434564314
2374827058
4183721541
762030518
1180066206
4280752513
71585928
507567848
1566379993
2745842274
2868249609
276936377
997699990
4222247184
2948003754
1310504703
3671106333
14966461
3687732890
296301536
472951584
2597893794
1097564503
1653780969
102332933
2373585768
1119001952
624507931
3474814239
3732811214
545813260
492481529
3752896562
3344339951
242327370
4196550687
2232427558
2316287499
1175257869
1087153197
1431486677
2108561862
3257593747
545491359
3037409451
3440991056
2500265963
794651827
2655192002
3054339396
3842105426
4046993623
1615622540
696539217
303881881
1107781033
795752983
2036942368
3557426142
2816062417
2099197402
3068037692
126945961
1709788542
1561491750
1949652863
2746390154
3006134739
1481929042
164785497
4292597117
4110066246
3375853477
76058885
3061586233
1184274709
2298109804
648645631
89847566
3153018877
3292896892
1496333916
2767089443
3517629126
1826596393
1628948796
694771639
1988274805
4018023931
1591285994
2996937796
2441164757
1020072869
2145088950
2309335470
24861940
1845202711
1618411492
286299068
547116569
2045690053
3147324013
3945174810
4209520780
1556675402
2433409556
3853712137
1090988303
4244446921
1374428725
3031770713
3824156299
2397596375
4094812690
1534978782
4264701947
752302257
1700678625
2412094416
1380441630
1083988193
3553048472
2711226287
3139350916
3315220610
4099956756
710938020
3752368298
2851194932
1708744574
3208720860
1603455725
301815866
4109357167
2157615242
383648656
3761825478
1421938595
2031792413
3202443362
1023944527
1939257259
1547733353
1775605889
2904592229
87157423
3461057533
794909041
1698166009
1351734742
1048823073
4130180021
1115724946
2160426197
3380748817
2759813598
1673821701
2853712951
1669636250
413681802
2400592063
1412873322
1620384739
3326043726
3449119441
558376129
2534474358
1761598290
2266771997
1067363878
2624475019
2498073295
893546111
2557294459
1768955708
100425725
3780661785
314351947
3060505334
1946787074
2576746362
371816917
2272319274
3428948255
1431692212
1160035858
500486667
3026226137
2120054590
3332377516
2618035071
2298540299
1698934539
589499590
3578038843
2857852718
720265663
2857632082
186124199
3213297107
3405373594
3791072956
3553357975
2517654853
1438727444
2840696462
2653938397
319154956
667698690
2584076329
2305634643
2073096496
2667436772
3865165800
4179209557
3144657381
1521852219
3172305350
3618040970
3944890293
3496735423
2385703112
1027969327
2078515016
3395361907
3808815750
971144821
3674618784
1169518683
1371747379
3626926576
992938467
2172392081
1404054626
3335614164
2287009704
3217430054
3498611813
2051214169
4226000924
1804427867
529604581
2518744271
3680609667
2267439896
1559765652
2374598288
2214432041
3659618731
1763919050
2892846898
1973864750
3255506295
1975940009
838210998
1320352118
2809491379
1496689507
2328985758
2599870149
2893072893
3034374412
3969895034
2397303057
3118220262
2421786592
717650474
2580764899
2329797492
3971121854
3879107348
3098408908
3569256464
1931975415
1994721058
631631509
3257153134
2390177105
1824769145
3457788435
3082062292
832082795
3761361460
117782329
3458777810
1206287302
2841697062
2832568338
3974756794
3959904298
953498136
2261110739
2432889076
3866994946
1299942529
3105703308
677658247
1747716073
2226554998
3060348622
606550517
681271287
1997758138
1699929950
3724222458
2582342640
578027925
2799510691
4086494162
3517576950
1574076906
1275767959
1588359681
2373997467
3013240006
3567012989
3889733946
1141672541
1846415823
4025056549
2979949433
4033721804
116226231
3820916341
3620565905
112540771
2220300523
2850415333
4066986682
2371262293
407000899
3273356492
3767014367
1927167421
4200200390
1133769360
3852980483
498607453
3122937137
1038596012
2467326179
756494495
3266123015
2459029742
166849459
2925714697
893054163
1274590237
2896976547
1663566014
3070304207
1493935542
2366238473
3380439368
1069869549
4146238937
635336676
4279058695
2634944079
547999151
4033917224
947260690
676454441
3501340198
2178791032
2243515393
2579316999
2788133917
3309151811
3709499717
604395286
2061854088
2475297980
2610337191
3737031218
2761523067
4011080741
2241811464
3734803536
99723554
2367767587
862691301
238624703
2719402348
1980342451
1236401682
4225536823
552118073
3266410307
3693300084
2870827525
1457689704
4228304219
4238709397
3328765721
1907536553
2266890704
3619182234
4153104962
1933115443
797439701
1867986822
2184028613
3621305069
2192549068
2894304978
3676551842
2604180823
2558787561
1550582816
1899809654
3350222303
2083122673
1799113772
1564196615
3032849545
1137372392
2493989910
2775205355
952864509
634696977
3041304233
2323048245
1294801013
4220245137
2178170240
1041509025
111275753
976422192
926605115
202107384
3520291740
1534541644
647270822
2152187271
2980310996
3153976401
443052168
3034179405
3364157966
4119099446
376683330
3270172124
2605043882
3668177600
674034038
1816324092
10818179
3057289829
929967827
2671861133
4058460843
821677816
1201983328
3882653167
1317168153
181932761
3830565325
1993057052
83514476
1274273758
2893923339
2781187447
1471893725
2968128223
3497704480
1845234984
3957844121
1330804491
3541298965
2012127491
2017175614
4241630461
4069880208
1995676367
3728100460
61838936
2028415412
13407053
3626871578
2643314491
3770470946
2720927343
3644015606
776736252
2696008052
593144724
603270625
495572758
3576029093
3612417932
3314763813
2683738555
3241371756
2252811610
3399473863
1821679342
3750404164
1461575289
976414269
2473104325
2073212059
2370421152
2849763962
2288700917
3532698619
3402190434
2915991644
2754100004
3377010188
2999345509
3783310375
3487475596
1976569943
1637702704
2121594123
4273308184
2780897782
843700646
4121212458
1608678717
1524398896
464496709
973796214
2686832336
4197294220
3577450987
3591502278
2840382439
1632683184
1234498544
536837689
3676348126
1141158208
113061014
4256444198
399924178
1206446476
2256628837
1232957803
906073598
4002100845
3280426463
4004900612
163870028
1556690024
3092654588
2834338295
3805266194
830806869
3555965745
4213479495
2523667358
487972094
3045157403
3779212844
3004683906
1286086376
1398819120
2267972009
2682864646
2009055432
1105978038
1798525985
3237799439
2368101754
378907657
3959153258
1700533328
204063380
745725754
3684407151
591705799
1325143358
3304491517
665657672
750834786
1245192022
3208184681
2160511145
2554207958
1437518889
3639967167
2281520978
4072913734
2248055914
504894637
786679210
817711675
561378610
392920283
1427853539
623795656
3637810050
1425438402
1018420231
1360427051
29463465
3642138954
1221971525
1445857026
422391547
2108723849
2871635204
659206339
640501700
514508424
2487167638
936756530
2810922743
598088820
1489181853
3985020349
838476160
4067658278
3278556571
1057595899
3799182333
3563277966
3059707579
722790367
421299413
